100 epochs
TRAIN : Confusion matrix
VALIDATION : Confusion matrix 
Predicted   5    10    13   All
Acctual                        
0           1     9    15    25
1           1   831     1   833
2           0   492     0   492
3           0   143     1   144
4           6    28   249   283
5          22    77   344   443
6           0    16     0    16
7           4   271    13   288
8           0     1     8     9
9           0   581     1   582
10          0  1467     5  1472
11          0   377     0   377
12          0     8   117   125
13          0     1   762   763
14          4    34   200   238
15          0    59     0    59
All        38  4395  1716  6149

Predicted  5    10   13   All
Acctual                      
0          0     2    6     8
1          0   319    1   320
2          0   163    0   163
3          2    50    1    53
4          0    12   78    90
5          5    22  129   156
6          0     6    0     6
7          1    95    4   100
8          0     1    6     7
9          0   199    0   199
10         0   476    2   478
11         0    98    0    98
12         0     0   40    40
13         0     0  241   241
14         1     8   57    66
15         0    25    0    25
All        9  1476  565  2050



1000 epochs
TRAIN : Confusion matrix 
VALIDATION : Confusion matrix 
Predicted    1    5   7    10    13   All
Acctual                                  
0            0   27   0     1     0    28
1           18    5   0   823     0   846
2            3    1   0   492     0   496
3           17   17   0   109     0   143
4            5   75   0    20   213   313
5            0  361   0     4    61   426
6            0    0   0    20     0    20
7           73  132  14    57     0   276
8            0   11   0     0     0    11
9            0    1   0   583     0   584
10           0   12   0  1477     0  1489
11           2    0   0   363     0   365
12           0  115   0     0     0   115
13           0    6   0     0   743   749
14           1  107   0    12   114   234
15           0    0   0    54     0    54
All        119  870  14  4015  1131  6149
Predicted   1    5  7    10   13   All
Acctual                               
0           0    6  0     0    0     6
1           4    1  0   270    0   275
2           2    0  0   161    0   163
3           5    2  0    42    0    49
4           0   29  0     5   48    82
5           0  121  0     6   24   151
6           0    1  0     4    0     5
7          17   59  4    21    0   101
8           0    5  0     0    0     5
9           0    1  0   202    0   203
10          0    5  0   478    0   483
11          1    1  0   119    0   121
12          0   53  0     1    0    54
13          0    0  0     0  261   261
14          0   42  0     5   29    76
15          0    0  0    15    0    15
All        29  326  4  1329  362  2050


1000 epochs - weighted classes in cost function
Predicted    1     4    9    10  12    13  14  15   All
Acctual                                                
0            0    30    0     0   0     0   0   0    30
1          269    37   84   468   0     0   0   0   858
2           59     5   79   350   0     0   0   0   493
3           54    44   14    35   0     0   7   0   154
4            0   132    4     1   0   151   2   0   290
5            0   425    1     0   0     3   0   0   429
6            0    13    0     0   0     0   0   0    13
7            0   287    0     0   0     0   0   0   287
8            0    12    0     0   0     0   0   0    12
9            0    20  179   403   0     0   0   0   602
10          42    37   79  1329   0     0   1   0  1488
11          57     8   88   186   0     0   0   0   339
12           0    97    0     0  11    10   0   0   118
13           0    20    0     0   1   736   0   0   757
14           0   102    5     0   5   106   2   0   220
15           4     0    8     1   0     0   0  46    59
All        485  1269  541  2773  17  1006  12  46  6149
Predicted    1    4    9   10  12   13  14  15   All
Acctual                                             
0            0   10    0    0   0    0   0   0    10
1           85   13   29  159   0    0   0   0   286
2           21    4   19  130   0    0   0   0   174
3           14   12    4   14   0    0   4   0    48
4            0   46    0    2   0   40   0   0    88
5            0  147    0    1   0    3   0   0   151
6            0    6    0    0   0    0   0   0     6
7            0   96    0    0   0    0   0   0    96
8            0    4    0    0   0    0   0   0     4
9            0    6   48  118   0    0   0   0   172
10          14   11   35  413   0    0   0   0   473
11          22    4   34   75   0    0   1   0   136
12           0   44    0    0   7    3   0   0    54
13           0    4    0    0   0  249   0   0   253
14           0   38    1    0   5   37   0   0    81
15           2    0    1    0   0    0   0  15    18
All        158  445  171  912  12  332   5  15  2050


2000 epochs - weighted classes in cost function
TRAIN: Tacno predvidjeni 3029
TRAIN: Ukupno primera  6149
TRAIN: Accuracy :  0.492600422833
VALIDATION: Tacno predvidjeni 970
VALIDATION: Ukupno primera  2050
VALIDATION: Accuracy :  0.473170731707
TRAIN : Confusion matrix 
VALIDATION : Confusion matrix 
Predicted     1    4    7    10   13   14  15   All
Acctual                                            
0             0    2   28     0    0    0   0    30
1           421    7    7   408    0   15   0   858
2           170    4    1   311    0    7   0   493
3            82    8    1    26    0   37   0   154
4             3  236    7     0   31   13   0   290
5             0  108    3     0    0  318   0   429
6             0    3   10     0    0    0   0    13
7             0    3  284     0    0    0   0   287
8             0    5    0     0    0    7   0    12
9           136   14    4   442    0    6   0   602
10          139   25   11  1294    0   19   0  1488
11          122    5    5   188    0   19   0   339
12            0    0    0     0    0  118   0   118
13            0  121    0     0  629    7   0   757
14            2   47    0     0   58  113   0   220
15            7    0    0     0    0    0  52    59
All        1082  588  361  2669  718  679  52  6149
Predicted    1    4    7   10  12   13   14  15   All
Acctual                                              
0            0    0   10    0   0    0    0   0    10
1          137    0    1  141   0    0    7   0   286
2           45    2    0  125   0    0    2   0   174
3           22    2    2    9   0    0   13   0    48
4            0   68    5    0   0    8    7   0    88
5            0   36    1    0   0    0  114   0   151
6            0    3    3    0   0    0    0   0     6
7            0    1   95    0   0    0    0   0    96
8            0    2    0    0   0    0    2   0     4
9           36    2    2  128   0    0    4   0   172
10          58    7    5  395   0    0    8   0   473
11          52    2    6   66   0    0   10   0   136
12           0    0    0    0   0    0   54   0    54
13           0   34    0    0   0  216    3   0   253
14           0   11    0    0   1   26   43   0    81
15           2    0    0    0   0    0    0  16    18
All        352  170  130  864   1  250  267  16  2050
